10 10 10 0.0 1.0 0.0 6.28
6.700000000000005 30.0 10.0 10.0
-0.6832949226106481 0.7182490732204632 -0.13124906686316215
-0.13671080127507668 -0.30243415049210065 -0.9433152926942544
-0.7172295347719779 -0.6266193848214922 0.3048441257703676
0 0 0
6
204 51 255
0.0 0.0 5.0
1.0 0.0 0.0
0.0 1.0 0.0
0.0 0.0 1.0
5
0.06363717374293998 16.672939520650395
-0.19091152122882704 10.054673451384588
-0.1906861224489802 2.2882334693877553
-0.038137224489796395 0.4576466938775514
0.11441167346938741 -1.3729400816326525
0 204 204
0.0 0.0 0.0
1.0 0.0 0.0
0.0 1.0 0.0
0.0 0.0 1.0
8
-0.8571428571428577 9.874285714285715
1.4057142857142857 6.78857142857143
4.0 4.0
5.451428571428572 0.274285714285714
7.8514285714285705 0.3428571428571434
10.525714285714287 -0.0685714285714294
11.142857142857142 3.3599999999999994
11.965714285714284 5.280000000000001
255 255 255
0.0 0.0 -2.0
1.0 0.0 0.0
0.0 1.0 0.0
0.0 0.0 1.0
5
-4.389834803452489 7.413943223608648
-3.0241084201561588 5.2678017641429875
-1.528312857498273 2.536348997550327
-0.15887021193447026 0.508384678190307
1.239187653088873 -0.19064425432136645
255 255 255
0.0 0.0 -2.3
1.0 0.0 0.0
0.0 1.0 0.0
0.0 0.0 1.0
5
-2.122779988338192 4.328806250728863
-2.014591091895328 4.7333111091132976
-2.8013560451145354 2.152035107505206
-0.6864249911870051 0.22262432146605526
0.1628571428571428 0.0514285714285716
102 255 102
0.0 3.0 -3.9
0.9943278521898735 -0.05369049499578563 -0.09181205316612905
-0.027508918319150595 0.7040344864868442 -0.7096327932459963
0.10273938763873808 0.7081333014230528 0.6985641313747104
9
-6.105177026239068 0.09947335276967895
-4.0643035631820075 0.06977345172844629
-2.5641743510204087 0.10466017759267032
-0.9934775510204084 0.12308571428571469
-0.008791836734693526 0.1055020408163263
1.0462285714285713 0.08791836734693881
2.083665306122449 0.14066938775510174
4.469453469221159 0.15755150853810918
6.855241632319869 0.1744336293211166
255 204 0
-4.199999999999999 4.1 3.1
1.0 0.0 0.0
0.0 1.0 0.0
0.0 0.0 1.0
6
0.265714285714286 -0.4285714285714284
-2.22 0.03428571428571425
-1.9476734693877558 2.537632653061225
0.6851608163265306 2.479629620991255
2.011980174927114 0.739538658892128
-1.786040816326531 -0.4364081632653063
10 10 10 0.0 1.0 0.0 6.28
23 26 10 0.0 1.0 0.0 6.28
18 10 10 0.0 1.0 0.0 6.28
18 24 10 0.0 1.0 0.0 6.28
10 10 10 0.0 1.0 0.0 6.28
30 38 21 0.0 1.0 0.0 6.28
